00 50 56 fe 6a 67 00 0c  29 bf ee f4 08 00 45 00
00 3c 57 9a 40 00 40 06  37 f6 c0 a8 17 87 af d5
23 27 91 94 00 50 d9 26  c7 18 00 00 00 00 a0 02
72 10 ab 5a 00 00 02 04  05 b4 04 02 08 0a 32 7f
ad e8 00 00 00 00 01 03  03 07 01 c0 0c 00 1c 00
01 00 00 00 05 00 10 20  01 0e 60 e0 00 00 00 00
00 00 01 af d5 23 27 c0  11 00 02 00 01 00 00 00
05 00 18 04 64 75 6b 65  02 6e 73 0a 63 6c 6f 75
64 66 6c 61 72 65 03 63  6f 6d 00 c0 11 00 02 00
01 00 00 00 05 00 07 04  73 61 72 61 c0 4e 24 00
cb 00 20 49 00 01 00 00  00 00 ad f5 3b 6e c0 3d
00 1c 00 01 00 00 00 05  00 10 24 00 cb 00 20 49
00 01 00 00 00 00 ad f5  3a 90 c0 61 00 01 00 01
00 00 00 05 00 04 ad f5  3b 6e c0 3d 00 01 00 01
00 00 00 05 00 04 ad f5  3a 90 00 00 00 00 00 00
00 00 00 00 00 00 00 00  00 00 00 00 00 00 00 00
00 00 00 00 00 00 00 00  00 00 00 00 00 00 00 00
00 00 00 00 00 00 00 00  00 00 00 00 00 00 00 00
00 00 00 00 00 00 00 00  00 00 00 00 00 00 00 00
00 00 00 00 00 00 00 00  00 00 00 00 00 00 00 00
00 00 00 00 00 00 00 00  00 00 00 00 00 00 00 00
00 00 00 00 00 00 00 00  00 00 00 00 00 00 00 00
00 00 00 00 00 00 00 00  00 00 00 00 00 00 00 00
00 00 00 00 00 00 00 00  00 00 00 00 00 00 00 00
00 00 00
